70 70
1111111111111111111111111111111111111111111111111111111111111111111111
1000000000100000100001010000000000000000000000000001010000001000010011
1000000000000000100110000100000001000000001100000000000010000100000001
1000100000000010000000010010000000000000000000000000000000000000000001
1000000000000100000000000010000001000000101010000100010000010000000001
1100001000000100000100001001000001000000000000000000000000000010100001
1000010100000000000000100000001010000100001000001100010000000000000001
1000000000000000000000101100000000000100000000000001010010000000000001
1000000100000100000000001000000000000000000000000100100101000001000001
1000000000000000000000000000000000000000000000000000000000000000100001
1100000000000000000000000000000001000110001000010100000010000000000011
1100000000000000000000001000000000000001000000000000000000000010000001
1000000000001000000000000000000000000010001000001000010001000000000001
1000000000000001000000000000000000000000001000000000100000000100000001
1000000000000010000000001000000000000010100000000010000000000010000001
1000000000000010000000000000000000000000000000000000010000000000000001
1000010010000000000001000000000000000000000000000000000000000000000001
1000000000000000000000001000000000110000000000000000000000000000000001
1000000100000100000110000000000000000000000000000000010000001010000001
1000000000000000100000000000000000000010001000000000000000000000000001
1110000000000001000000000000000000000000000000000000000100000100010011
1000010100100001000000100000010001000000001001001000000000000000000001
1000000000000000000010101000000000000000000100010000000010000110000001
1000000000000100000000100010000000000000000000001000010000100000000011
1000000000000000000001001000010000000100000000000000000000100000000001
1000000000000010000000000000000000000000000010110000000010000000000001
1000000000000000100000001000000001100000000000000000001011000100000001
1000001000000010000000000011010000000100000010000100000000000000000001
1010000000000000000000010000000000000010000000000000000000010000000001
1000000000000001000000000010000000000000000001000000000000000000001101
1100000000000000000000100000000000000010101100000000000000000000000001
1010000010101000000000000000010000000000000011001000000000000000000001
1000001000010000010000000000001000000000000010010010000100000000000001
1000000000001000000011100000010000000000000000000001000000000000000001
1001000100000000000000000100000000001000000000010010000001000000001001
1000000000000001000000000000100000001001010000000000001000100010010001
1000000000000000010000000000000001100000000100000000000000000000000011
1000010000000000000001000000001000000000000100000000000100000000000011
1000000000100010000010100000000110001000100000001000000100000000000001
1000010000000000010000000000000000000000100000010000000100000000010001
1000000000000000001010000000000100001110000000000011000000010010000001
1000000000000001100001000000000001000000000000000000100000000000000001
1000010000000100000001000000000101000110000000000000000010000000000001
1100000001000000000000100000100001000000100000000000000000000000000001
1000000000010000000000001000000001000000000000100100000000010001100001
1100100101001000000001000100000010110000000000000001000000000100010101
1000011000000000000000000010000010001000000000000100000000000000001001
1000000100100000000000000100000000000000001000000100000000000000001001
1000001010000000000000000000000000100000000000000000010000000100100001
1011100000000000000000000000000000000000100000000000000000001100000011
1000000000001000000000000000000000000001000000000000010000000001001101
1010000000000000000000000000000000110000010000000000010000000000010001
1001000000000000000000010000000010000000000000000000100000000000000001
1000001000000000000000000001010000000000000000000100000000000000000001
1000000000001000000001000100000000000000000000001000000000100001000011
1000000000000000000100000000000001000000100000000000000100000000110001
1000000000000000000000000001000000000000010000000000000000000000000001
1000000000011001000000000000000000000000000000000000000000000110010001
1001000010000100010000000000000010010010100010010000000000000000000101
1000000000100000000000010001001000000000001001000000100001000100010001
1000000000000000000000001100010001010000101000000000000000000000001001
1010000000000000000000000000000000001000000010000000000001000000010111
1010000000000100010000000000000000000000000000000000000000000000000001
1001000010000001000000000110000000000011000000000000100100000000000001
1000000000000100000000100100010000011001000000000000011000000000000001
1000000000100000000000001000000001100000000000000100010001000000000001
1000100010001001000000001100000000100000100000010000000000000000001011
1000010000000000000000000001100010000000000000000000000000000000000001
1000000000001010001000000000000000010000000000010000000000000000010001
1111111111111111111111111111111111111111111111111111111111111111111111
70 70 50
